trip_id,stop_sequence,stop_id,stop_headsign,arrival_time,departure_time,pickup_type,drop_off_type,timepoint,shape_dist_traveled,fare_units_traveled
228096877,1,3045550,,07:30:00,07:30:00,0,1,1,,0
228096877,2,2992901,,08:25:00,08:25:00,1,0,1,,0
228096878,1,3045550,,09:30:00,09:30:00,0,1,1,,0
228096878,2,2992901,,10:25:00,10:25:00,1,0,1,,0
228096879,1,3045550,,11:30:00,11:30:00,0,1,1,,0
228096879,2,2992901,,12:25:00,12:25:00,1,0,1,,0
228096880,1,3045550,,13:30:00,13:30:00,0,1,1,,0
228096880,2,2992901,,14:25:00,14:25:00,1,0,1,,0
228096881,1,3045550,,15:30:00,15:30:00,0,1,1,,0
228096881,2,2992901,,16:25:00,16:25:00,1,0,1,,0
228096882,1,3045550,,17:30:00,17:30:00,0,1,1,,0
228096882,2,2992901,,18:25:00,18:25:00,1,0,1,,0
228096883,1,3045550,,19:30:00,19:30:00,0,1,1,,0
228096883,2,2992901,,20:25:00,20:25:00,1,0,1,,0
228096884,1,3045550,,21:30:00,21:30:00,0,1,1,,0
228096884,2,2992901,,22:25:00,22:25:00,1,0,1,,0
253967086,1,2636921,,06:55:00,06:55:00,0,1,1,0,0
253967086,2,2636918,,06:55:45,06:55:46,0,0,0,394,394
253967086,3,2636923,,06:56:31,06:56:32,0,0,0,797,797
253967086,4,2636930,,06:57:25,06:57:43,0,0,0,1400,1412
253967086,5,2636883,,06:58:51,06:59:09,0,0,0,2147,2159
253967086,6,2635801,,07:02:42,07:03:00,0,0,0,4165,4158
253967086,7,2636003,,07:06:03,07:06:21,0,0,0,5984,5977
253967086,8,2636025,,07:06:52,07:06:53,0,0,0,6272,6265
253967086,9,2635971,,07:08:16,07:08:34,0,0,0,7187,7180
253967086,10,2635837,,07:09:13,07:09:14,0,0,0,7549,7542
253967086,11,2635834,,07:09:55,07:09:56,0,0,0,7929,7922
253967086,12,2635873,,07:10:19,07:10:20,0,0,0,8145,8138
253967086,13,2635850,,07:10:59,07:11:00,0,0,0,8505,8498
253967086,14,2635852,,07:12:07,07:12:25,0,0,0,9044,9038
253967086,15,2841711,,07:13:02,07:13:20,0,0,0,9389,9382
253967086,16,2635986,,07:15:42,07:15:42,1,0,0,10399,10392
253967087,1,2635986,,06:59:00,06:59:00,0,1,1,0,0
253967087,2,2635889,,07:01:55,07:02:13,0,0,0,1338,1338
253967087,3,2635853,,07:02:54,07:02:55,0,0,0,1630,1630
253967087,4,2635851,,07:03:42,07:04:00,0,0,0,2115,2116
253967087,5,2635872,,07:04:32,07:04:50,0,0,0,2566,2567
253967087,6,2635874,,07:05:17,07:05:18,0,0,0,2817,2818
253967087,7,2635838,,07:05:49,07:05:50,0,0,0,3110,3111
253967087,8,2635972,,07:06:33,07:06:34,0,0,0,3508,3509
253967087,9,2636026,,07:07:46,07:08:04,0,0,0,4313,4314
253967087,10,2636004,,07:08:43,07:08:44,0,0,0,4669,4669
253967087,11,2635800,,07:11:42,07:12:00,0,0,0,6427,6427
253967087,12,2636882,,07:17:02,07:17:20,0,0,0,8494,8507
253967087,13,2636931,,07:18:53,07:19:11,0,0,0,9216,9229
253967087,14,2636924,,07:20:34,07:20:52,0,0,0,9905,9885
253967087,15,2636917,,07:21:37,07:21:55,0,0,0,10304,10284
253967087,16,2636921,,07:22:42,07:22:42,1,0,0,10720,10709
253967088,1,2636921,,07:25:00,07:25:00,0,1,1,0,0
253967088,2,2636918,,07:25:45,07:25:46,0,0,0,394,394
253967088,3,2636923,,07:26:31,07:26:32,0,0,0,797,797
253967088,4,2636930,,07:27:25,07:27:43,0,0,0,1400,1412
253967088,5,2636883,,07:28:51,07:29:09,0,0,0,2147,2159
253967088,6,2635801,,07:32:42,07:33:00,0,0,0,4165,4158
253967088,7,2636003,,07:36:03,07:36:21,0,0,0,5984,5977
253967088,8,2636025,,07:36:52,07:36:53,0,0,0,6272,6265
253967088,9,2635971,,07:38:16,07:38:34,0,0,0,7187,7180
253967088,10,2635837,,07:39:13,07:39:14,0,0,0,7549,7542
253967088,11,2635834,,07:39:55,07:39:56,0,0,0,7929,7922
253967088,12,2635873,,07:40:19,07:40:20,0,0,0,8145,8138
253967088,13,2635850,,07:40:59,07:41:00,0,0,0,8505,8498
253967088,14,2635852,,07:42:07,07:42:25,0,0,0,9044,9038
253967088,15,2841711,,07:43:02,07:43:20,0,0,0,9389,9382
253967088,16,2635986,,07:45:42,07:45:42,1,0,0,10399,10392
253967089,1,2635986,,07:29:00,07:29:00,0,1,1,0,0
253967089,2,2635889,,07:31:55,07:32:13,0,0,0,1338,1338
253967089,3,2635853,,07:32:54,07:32:55,0,0,0,1630,1630
253967089,4,2635851,,07:33:42,07:34:00,0,0,0,2115,2116
253967089,5,2635872,,07:34:32,07:34:50,0,0,0,2566,2567
253967089,6,2635874,,07:35:17,07:35:18,0,0,0,2817,2818
253967089,7,2635838,,07:35:49,07:35:50,0,0,0,3110,3111
253967089,8,2635972,,07:36:33,07:36:34,0,0,0,3508,3509
253967089,9,2636026,,07:37:46,07:38:04,0,0,0,4313,4314
253967089,10,2636004,,07:38:43,07:38:44,0,0,0,4669,4669
253967089,11,2635800,,07:41:42,07:42:00,0,0,0,6427,6427
253967089,12,2636882,,07:47:02,07:47:20,0,0,0,8494,8507
253967089,13,2636931,,07:48:53,07:49:11,0,0,0,9216,9229
253967089,14,2636924,,07:50:34,07:50:52,0,0,0,9905,9885
253967089,15,2636917,,07:51:37,07:51:55,0,0,0,10304,10284
253967089,16,2636921,,07:52:42,07:52:42,1,0,0,10720,10709
253967090,1,2636921,,07:55:00,07:55:00,0,1,1,0,0
253967090,2,2636918,,07:55:45,07:55:46,0,0,0,394,394
253967090,3,2636923,,07:56:31,07:56:32,0,0,0,797,797
253967090,4,2636930,,07:57:25,07:57:43,0,0,0,1400,1412
253967090,5,2636883,,07:58:51,07:59:09,0,0,0,2147,2159
253967090,6,2635801,,08:02:42,08:03:00,0,0,0,4165,4158
253967090,7,2636003,,08:06:03,08:06:21,0,0,0,5984,5977
253967090,8,2636025,,08:06:52,08:06:53,0,0,0,6272,6265
253967090,9,2635971,,08:08:16,08:08:34,0,0,0,7187,7180
253967090,10,2635837,,08:09:13,08:09:14,0,0,0,7549,7542
253967090,11,2635834,,08:09:55,08:09:56,0,0,0,7929,7922
253967090,12,2635873,,08:10:19,08:10:20,0,0,0,8145,8138
253967090,13,2635850,,08:10:59,08:11:00,0,0,0,8505,8498
253967090,14,2635852,,08:12:07,08:12:25,0,0,0,9044,9038
253967090,15,2841711,,08:13:02,08:13:20,0,0,0,9389,9382
253967090,16,2635986,,08:15:42,08:15:42,1,0,0,10399,10392
253967091,1,2635986,,07:59:00,07:59:00,0,1,1,0,0
253967091,2,2635889,,08:01:55,08:02:13,0,0,0,1338,1338
253967091,3,2635853,,08:02:54,08:02:55,0,0,0,1630,1630
253967091,4,2635851,,08:03:42,08:04:00,0,0,0,2115,2116
253967091,5,2635872,,08:04:32,08:04:50,0,0,0,2566,2567
253967091,6,2635874,,08:05:17,08:05:18,0,0,0,2817,2818
253967091,7,2635838,,08:05:49,08:05:50,0,0,0,3110,3111
253967091,8,2635972,,08:06:33,08:06:34,0,0,0,3508,3509
253967091,9,2636026,,08:07:46,08:08:04,0,0,0,4313,4314
253967091,10,2636004,,08:08:43,08:08:44,0,0,0,4669,4669
253967091,11,2635800,,08:11:42,08:12:00,0,0,0,6427,6427
253967091,12,2636882,,08:17:02,08:17:20,0,0,0,8494,8507
253967091,13,2636931,,08:18:53,08:19:11,0,0,0,9216,9229
253967091,14,2636924,,08:20:34,08:20:52,0,0,0,9905,9885
253967091,15,2636917,,08:21:37,08:21:55,0,0,0,10304,10284
253967091,16,2636921,,08:22:42,08:22:42,1,0,0,10720,10709
253967092,1,2636921,,08:25:00,08:25:00,0,1,1,0,0
253967092,2,2636918,,08:25:45,08:25:46,0,0,0,394,394
253967092,3,2636923,,08:26:31,08:26:32,0,0,0,797,797
253967092,4,2636930,,08:27:25,08:27:43,0,0,0,1400,1412
253967092,5,2636883,,08:28:51,08:29:09,0,0,0,2147,2159
253967092,6,2635801,,08:32:42,08:33:00,0,0,0,4165,4158
253967092,7,2636003,,08:36:03,08:36:21,0,0,0,5984,5977
253967092,8,2636025,,08:36:52,08:36:53,0,0,0,6272,6265
253967092,9,2635971,,08:38:16,08:38:34,0,0,0,7187,7180
253967092,10,2635837,,08:39:13,08:39:14,0,0,0,7549,7542
253967092,11,2635834,,08:39:55,08:39:56,0,0,0,7929,7922
253967092,12,2635873,,08:40:19,08:40:20,0,0,0,8145,8138
253967092,13,2635850,,08:40:59,08:41:00,0,0,0,8505,8498
253967092,14,2635852,,08:42:07,08:42:25,0,0,0,9044,9038
253967092,15,2841711,,08:43:02,08:43:20,0,0,0,9389,9382
253967092,16,2635986,,08:45:42,08:45:42,1,0,0,10399,10392
253967093,1,2635986,,08:29:00,08:29:00,0,1,1,0,0
253967093,2,2635889,,08:31:55,08:32:13,0,0,0,1338,1338
253967093,3,2635853,,08:32:54,08:32:55,0,0,0,1630,1630
253967093,4,2635851,,08:33:42,08:34:00,0,0,0,2115,2116
253967093,5,2635872,,08:34:32,08:34:50,0,0,0,2566,2567
253967093,6,2635874,,08:35:17,08:35:18,0,0,0,2817,2818
253967093,7,2635838,,08:35:49,08:35:50,0,0,0,3110,3111
253967093,8,2635972,,08:36:33,08:36:34,0,0,0,3508,3509
253967093,9,2636026,,08:37:46,08:38:04,0,0,0,4313,4314
253967093,10,2636004,,08:38:43,08:38:44,0,0,0,4669,4669
253967093,11,2635800,,08:41:42,08:42:00,0,0,0,6427,6427
253967093,12,2636882,,08:47:02,08:47:20,0,0,0,8494,8507
253967093,13,2636931,,08:48:53,08:49:11,0,0,0,9216,9229
253967093,14,2636924,,08:50:34,08:50:52,0,0,0,9905,9885
253967093,15,2636917,,08:51:37,08:51:55,0,0,0,10304,10284
253967093,16,2636921,,08:52:42,08:52:42,1,0,0,10720,10709
253967094,1,2636921,,08:55:00,08:55:00,0,1,1,0,0
253967094,2,2636918,,08:55:45,08:55:46,0,0,0,394,394
253967094,3,2636923,,08:56:31,08:56:32,0,0,0,797,797
253967094,4,2636930,,08:57:25,08:57:43,0,0,0,1400,1412
253967094,5,2636883,,08:58:51,08:59:09,0,0,0,2147,2159
253967094,6,2635801,,09:02:42,09:03:00,0,0,0,4165,4158
253967094,7,2636003,,09:06:03,09:06:21,0,0,0,5984,5977
253967094,8,2636025,,09:06:52,09:06:53,0,0,0,6272,6265
253967094,9,2635971,,09:08:16,09:08:34,0,0,0,7187,7180
253967094,10,2635837,,09:09:13,09:09:14,0,0,0,7549,7542
253967094,11,2635834,,09:09:55,09:09:56,0,0,0,7929,7922
253967094,12,2635873,,09:10:19,09:10:20,0,0,0,8145,8138
253967094,13,2635850,,09:10:59,09:11:00,0,0,0,8505,8498
253967094,14,2635852,,09:12:07,09:12:25,0,0,0,9044,9038
253967094,15,2841711,,09:13:02,09:13:20,0,0,0,9389,9382
253967094,16,2635986,,09:15:42,09:15:42,1,0,0,10399,10392
253967095,1,2635986,,08:59:00,08:59:00,0,1,1,0,0
253967095,2,2635889,,09:02:34,09:02:52,0,0,0,1338,1338
253967095,3,2635853,,09:03:24,09:03:42,0,0,0,1630,1630
253967095,4,2635851,,09:04:42,09:05:00,0,0,0,2115,2116
253967095,5,2635872,,09:05:32,09:05:50,0,0,0,2566,2567
253967095,6,2635874,,09:06:17,09:06:18,0,0,0,2817,2818
253967095,7,2635838,,09:06:49,09:06:50,0,0,0,3110,3111
253967095,8,2635972,,09:07:33,09:07:34,0,0,0,3508,3509
253967095,9,2636026,,09:08:46,09:09:04,0,0,0,4313,4314
253967095,10,2636004,,09:09:43,09:09:44,0,0,0,4669,4669
253967095,11,2635800,,09:12:42,09:13:00,0,0,0,6427,6427
253967095,12,2636882,,09:17:33,09:17:51,0,0,0,8494,8507
253967095,13,2636931,,09:19:14,09:19:32,0,0,0,9216,9229
253967095,14,2636924,,09:20:46,09:21:04,0,0,0,9905,9885
253967095,15,2636917,,09:21:43,09:22:01,0,0,0,10304,10284
253967095,16,2636921,,09:22:42,09:22:42,1,0,0,10720,10709
253967096,1,2636921,,09:11:00,09:11:00,0,1,1,0,0
253967096,2,2636918,,09:11:34,09:11:52,0,0,0,394,394
253967096,3,2636923,,09:12:26,09:12:44,0,0,0,797,797
253967096,4,2636930,,09:13:45,09:14:03,0,0,0,1400,1412
253967096,5,2636883,,09:15:22,09:15:40,0,0,0,2147,2159
253967096,6,2635801,,09:19:42,09:20:00,0,0,0,4165,4158
253967096,7,2636003,,09:23:28,09:23:46,0,0,0,5984,5977
253967096,8,2636025,,09:24:21,09:24:22,0,0,0,6272,6265
253967096,9,2635971,,09:25:58,09:26:16,0,0,0,7187,7180
253967096,10,2635837,,09:27:00,09:27:01,0,0,0,7549,7542
253967096,11,2635834,,09:27:47,09:27:48,0,0,0,7929,7922
253967096,12,2635873,,09:28:14,09:28:15,0,0,0,8145,8138
253967096,13,2635850,,09:28:59,09:29:00,0,0,0,8505,8498
253967096,14,2635852,,09:30:07,09:30:25,0,0,0,9044,9038
253967096,15,2841711,,09:31:02,09:31:20,0,0,0,9389,9382
253967096,16,2635986,,09:33:42,09:33:42,1,0,0,10399,10392
253967097,1,2635986,,09:14:00,09:14:00,0,1,1,0,0
253967097,2,2635889,,09:17:34,09:17:52,0,0,0,1338,1338
253967097,3,2635853,,09:18:24,09:18:42,0,0,0,1630,1630
253967097,4,2635851,,09:19:42,09:20:00,0,0,0,2115,2116
253967097,5,2635872,,09:20:32,09:20:50,0,0,0,2566,2567
253967097,6,2635874,,09:21:17,09:21:18,0,0,0,2817,2818
253967097,7,2635838,,09:21:49,09:21:50,0,0,0,3110,3111
253967097,8,2635972,,09:22:33,09:22:34,0,0,0,3508,3509
253967097,9,2636026,,09:23:46,09:24:04,0,0,0,4313,4314
253967097,10,2636004,,09:24:43,09:24:44,0,0,0,4669,4669
253967097,11,2635800,,09:27:42,09:28:00,0,0,0,6427,6427
253967097,12,2636882,,09:33:02,09:33:20,0,0,0,8494,8507
253967097,13,2636931,,09:34:53,09:35:11,0,0,0,9216,9229
253967097,14,2636924,,09:36:34,09:36:52,0,0,0,9905,9885
253967097,15,2636917,,09:37:37,09:37:55,0,0,0,10304,10284
253967097,16,2636921,,09:38:42,09:38:42,1,0,0,10720,10709
253967098,1,2636921,,09:26:00,09:26:00,0,1,1,0,0
253967098,2,2636918,,09:26:34,09:26:52,0,0,0,394,394
253967098,3,2636923,,09:27:26,09:27:44,0,0,0,797,797
253967098,4,2636930,,09:28:45,09:29:03,0,0,0,1400,1412
253967098,5,2636883,,09:30:22,09:30:40,0,0,0,2147,2159
253967098,6,2635801,,09:34:42,09:35:00,0,0,0,4165,4158
253967098,7,2636003,,09:38:28,09:38:46,0,0,0,5984,5977
253967098,8,2636025,,09:39:21,09:39:22,0,0,0,6272,6265
253967098,9,2635971,,09:40:58,09:41:16,0,0,0,7187,7180
253967098,10,2635837,,09:42:00,09:42:01,0,0,0,7549,7542
253967098,11,2635834,,09:42:47,09:42:48,0,0,0,7929,7922
253967098,12,2635873,,09:43:14,09:43:15,0,0,0,8145,8138
253967098,13,2635850,,09:43:59,09:44:00,0,0,0,8505,8498
253967098,14,2635852,,09:45:07,09:45:25,0,0,0,9044,9038
253967098,15,2841711,,09:46:02,09:46:20,0,0,0,9389,9382
253967098,16,2635986,,09:48:42,09:48:42,1,0,0,10399,10392
253967099,1,2635986,,09:29:00,09:29:00,0,1,1,0,0
253967099,2,2635889,,09:32:34,09:32:52,0,0,0,1338,1338
253967099,3,2635853,,09:33:24,09:33:42,0,0,0,1630,1630
253967099,4,2635851,,09:34:42,09:35:00,0,0,0,2115,2116
253967099,5,2635872,,09:35:32,09:35:50,0,0,0,2566,2567
253967099,6,2635874,,09:36:17,09:36:18,0,0,0,2817,2818
253967099,7,2635838,,09:36:49,09:36:50,0,0,0,3110,3111
253967099,8,2635972,,09:37:33,09:37:34,0,0,0,3508,3509
253967099,9,2636026,,09:38:46,09:39:04,0,0,0,4313,4314
253967099,10,2636004,,09:39:43,09:39:44,0,0,0,4669,4669
253967099,11,2635800,,09:42:42,09:43:00,0,0,0,6427,6427
253967099,12,2636882,,09:48:02,09:48:20,0,0,0,8494,8507
253967099,13,2636931,,09:49:53,09:50:11,0,0,0,9216,9229
253967099,14,2636924,,09:51:34,09:51:52,0,0,0,9905,9885
253967099,15,2636917,,09:52:37,09:52:55,0,0,0,10304,10284
253967099,16,2636921,,09:53:42,09:53:42,1,0,0,10720,10709
253967100,1,2636921,,09:41:00,09:41:00,0,1,1,0,0
253967100,2,2636918,,09:41:34,09:41:52,0,0,0,394,394
253967100,3,2636923,,09:42:26,09:42:44,0,0,0,797,797
253967100,4,2636930,,09:43:45,09:44:03,0,0,0,1400,1412
253967100,5,2636883,,09:45:22,09:45:40,0,0,0,2147,2159
253967100,6,2635801,,09:49:42,09:50:00,0,0,0,4165,4158
253967100,7,2636003,,09:53:28,09:53:46,0,0,0,5984,5977
253967100,8,2636025,,09:54:21,09:54:22,0,0,0,6272,6265
253967100,9,2635971,,09:55:58,09:56:16,0,0,0,7187,7180
253967100,10,2635837,,09:57:00,09:57:01,0,0,0,7549,7542
253967100,11,2635834,,09:57:47,09:57:48,0,0,0,7929,7922
253967100,12,2635873,,09:58:14,09:58:15,0,0,0,8145,8138
253967100,13,2635850,,09:58:59,09:59:00,0,0,0,8505,8498
253967100,14,2635852,,10:00:07,10:00:25,0,0,0,9044,9038
253967100,15,2841711,,10:01:02,10:01:20,0,0,0,9389,9382
253967100,16,2635986,,10:03:42,10:03:42,1,0,0,10399,10392
253967101,1,2635986,,09:44:00,09:44:00,0,1,1,0,0
253967101,2,2635889,,09:47:34,09:47:52,0,0,0,1338,1338
253967101,3,2635853,,09:48:24,09:48:42,0,0,0,1630,1630
253967101,4,2635851,,09:49:42,09:50:00,0,0,0,2115,2116
253967101,5,2635872,,09:50:32,09:50:50,0,0,0,2566,2567
253967101,6,2635874,,09:51:17,09:51:18,0,0,0,2817,2818
253967101,7,2635838,,09:51:49,09:51:50,0,0,0,3110,3111
253967101,8,2635972,,09:52:33,09:52:34,0,0,0,3508,3509
253967101,9,2636026,,09:53:46,09:54:04,0,0,0,4313,4314
253967101,10,2636004,,09:54:43,09:54:44,0,0,0,4669,4669
253967101,11,2635800,,09:57:42,09:58:00,0,0,0,6427,6427
253967101,12,2636882,,10:03:02,10:03:20,0,0,0,8494,8507
253967101,13,2636931,,10:04:53,10:05:11,0,0,0,9216,9229
253967101,14,2636924,,10:06:34,10:06:52,0,0,0,9905,9885
253967101,15,2636917,,10:07:37,10:07:55,0,0,0,10304,10284
253967101,16,2636921,,10:08:42,10:08:42,1,0,0,10720,10709
253967102,1,2636921,,09:56:00,09:56:00,0,1,1,0,0
253967102,2,2636918,,09:56:34,09:56:52,0,0,0,394,394
253967102,3,2636923,,09:57:26,09:57:44,0,0,0,797,797
253967102,4,2636930,,09:58:45,09:59:03,0,0,0,1400,1412
253967102,5,2636883,,10:00:22,10:00:40,0,0,0,2147,2159
253967102,6,2635801,,10:04:42,10:05:00,0,0,0,4165,4158
253967102,7,2636003,,10:08:28,10:08:46,0,0,0,5984,5977
253967102,8,2636025,,10:09:21,10:09:22,0,0,0,6272,6265
253967102,9,2635971,,10:10:58,10:11:16,0,0,0,7187,7180
253967102,10,2635837,,10:12:00,10:12:01,0,0,0,7549,7542
253967102,11,2635834,,10:12:47,10:12:48,0,0,0,7929,7922
253967102,12,2635873,,10:13:14,10:13:15,0,0,0,8145,8138
253967102,13,2635850,,10:13:59,10:14:00,0,0,0,8505,8498
253967102,14,2635852,,10:15:07,10:15:25,0,0,0,9044,9038
253967102,15,2841711,,10:16:02,10:16:20,0,0,0,9389,9382
253967102,16,2635986,,10:18:42,10:18:42,1,0,0,10399,10392
253967103,1,2635986,,09:59:00,09:59:00,0,1,1,0,0
253967103,2,2635889,,10:02:34,10:02:52,0,0,0,1338,1338
253967103,3,2635853,,10:03:24,10:03:42,0,0,0,1630,1630
253967103,4,2635851,,10:04:42,10:05:00,0,0,0,2115,2116
253967103,5,2635872,,10:05:32,10:05:50,0,0,0,2566,2567
253967103,6,2635874,,10:06:17,10:06:18,0,0,0,2817,2818
253967103,7,2635838,,10:06:49,10:06:50,0,0,0,3110,3111
253967103,8,2635972,,10:07:33,10:07:34,0,0,0,3508,3509
253967103,9,2636026,,10:08:46,10:09:04,0,0,0,4313,4314
253967103,10,2636004,,10:09:43,10:09:44,0,0,0,4669,4669
253967103,11,2635800,,10:12:42,10:13:00,0,0,0,6427,6427
253967103,12,2636882,,10:18:02,10:18:20,0,0,0,8494,8507
253967103,13,2636931,,10:19:53,10:20:11,0,0,0,9216,9229
253967103,14,2636924,,10:21:34,10:21:52,0,0,0,9905,9885
253967103,15,2636917,,10:22:37,10:22:55,0,0,0,10304,10284
253967103,16,2636921,,10:23:42,10:23:42,1,0,0,10720,10709
253967104,1,2636921,,10:11:00,10:11:00,0,1,1,0,0
253967104,2,2636918,,10:11:34,10:11:52,0,0,0,394,394
253967104,3,2636923,,10:12:26,10:12:44,0,0,0,797,797
253967104,4,2636930,,10:13:45,10:14:03,0,0,0,1400,1412
253967104,5,2636883,,10:15:22,10:15:40,0,0,0,2147,2159
253967104,6,2635801,,10:19:42,10:20:00,0,0,0,4165,4158
253967104,7,2636003,,10:23:28,10:23:46,0,0,0,5984,5977
253967104,8,2636025,,10:24:21,10:24:22,0,0,0,6272,6265
253967104,9,2635971,,10:25:58,10:26:16,0,0,0,7187,7180
253967104,10,2635837,,10:27:00,10:27:01,0,0,0,7549,7542
253967104,11,2635834,,10:27:47,10:27:48,0,0,0,7929,7922
253967104,12,2635873,,10:28:14,10:28:15,0,0,0,8145,8138
253967104,13,2635850,,10:28:59,10:29:00,0,0,0,8505,8498
253967104,14,2635852,,10:30:07,10:30:25,0,0,0,9044,9038
253967104,15,2841711,,10:31:02,10:31:20,0,0,0,9389,9382
253967104,16,2635986,,10:33:42,10:33:42,1,0,0,10399,10392
253967105,1,2635986,,10:14:00,10:14:00,0,1,1,0,0
253967105,2,2635889,,10:17:34,10:17:52,0,0,0,1338,1338
253967105,3,2635853,,10:18:24,10:18:42,0,0,0,1630,1630
253967105,4,2635851,,10:19:42,10:20:00,0,0,0,2115,2116
253967105,5,2635872,,10:20:32,10:20:50,0,0,0,2566,2567
253967105,6,2635874,,10:21:17,10:21:18,0,0,0,2817,2818
253967105,7,2635838,,10:21:49,10:21:50,0,0,0,3110,3111
253967105,8,2635972,,10:22:33,10:22:34,0,0,0,3508,3509
253967105,9,2636026,,10:23:46,10:24:04,0,0,0,4313,4314
253967105,10,2636004,,10:24:43,10:24:44,0,0,0,4669,4669
253967105,11,2635800,,10:27:42,10:28:00,0,0,0,6427,6427
253967105,12,2636882,,10:33:02,10:33:20,0,0,0,8494,8507
253967105,13,2636931,,10:34:53,10:35:11,0,0,0,9216,9229
253967105,14,2636924,,10:36:34,10:36:52,0,0,0,9905,9885
253967105,15,2636917,,10:37:37,10:37:55,0,0,0,10304,10284
253967105,16,2636921,,10:38:42,10:38:42,1,0,0,10720,10709
253967106,1,2636921,,10:26:00,10:26:00,0,1,1,0,0
253967106,2,2636918,,10:26:34,10:26:52,0,0,0,394,394
253967106,3,2636923,,10:27:26,10:27:44,0,0,0,797,797
253967106,4,2636930,,10:28:45,10:29:03,0,0,0,1400,1412
253967106,5,2636883,,10:30:22,10:30:40,0,0,0,2147,2159
253967106,6,2635801,,10:34:42,10:35:00,0,0,0,4165,4158
253967106,7,2636003,,10:38:28,10:38:46,0,0,0,5984,5977
253967106,8,2636025,,10:39:21,10:39:22,0,0,0,6272,6265
253967106,9,2635971,,10:40:58,10:41:16,0,0,0,7187,7180
253967106,10,2635837,,10:42:00,10:42:01,0,0,0,7549,7542
253967106,11,2635834,,10:42:47,10:42:48,0,0,0,7929,7922
253967106,12,2635873,,10:43:14,10:43:15,0,0,0,8145,8138
253967106,13,2635850,,10:43:59,10:44:00,0,0,0,8505,8498
253967106,14,2635852,,10:45:07,10:45:25,0,0,0,9044,9038
253967106,15,2841711,,10:46:02,10:46:20,0,0,0,9389,9382
253967106,16,2635986,,10:48:42,10:48:42,1,0,0,10399,10392
253967107,1,2635986,,10:29:00,10:29:00,0,1,1,0,0
253967107,2,2635889,,10:32:34,10:32:52,0,0,0,1338,1338
253967107,3,2635853,,10:33:24,10:33:42,0,0,0,1630,1630
253967107,4,2635851,,10:34:42,10:35:00,0,0,0,2115,2116
253967107,5,2635872,,10:35:32,10:35:50,0,0,0,2566,2567
253967107,6,2635874,,10:36:17,10:36:18,0,0,0,2817,2818
253967107,7,2635838,,10:36:49,10:36:50,0,0,0,3110,3111
253967107,8,2635972,,10:37:33,10:37:34,0,0,0,3508,3509
253967107,9,2636026,,10:38:46,10:39:04,0,0,0,4313,4314
253967107,10,2636004,,10:39:43,10:39:44,0,0,0,4669,4669
253967107,11,2635800,,10:42:42,10:43:00,0,0,0,6427,6427
253967107,12,2636882,,10:48:02,10:48:20,0,0,0,8494,8507
253967107,13,2636931,,10:49:53,10:50:11,0,0,0,9216,9229
253967107,14,2636924,,10:51:34,10:51:52,0,0,0,9905,9885
253967107,15,2636917,,10:52:37,10:52:55,0,0,0,10304,10284
253967107,16,2636921,,10:53:42,10:53:42,1,0,0,10720,10709
253967108,1,2636921,,10:41:00,10:41:00,0,1,1,0,0
253967108,2,2636918,,10:41:34,10:41:52,0,0,0,394,394
253967108,3,2636923,,10:42:26,10:42:44,0,0,0,797,797
253967108,4,2636930,,10:43:45,10:44:03,0,0,0,1400,1412
253967108,5,2636883,,10:45:22,10:45:40,0,0,0,2147,2159
253967108,6,2635801,,10:49:42,10:50:00,0,0,0,4165,4158
253967108,7,2636003,,10:53:28,10:53:46,0,0,0,5984,5977
253967108,8,2636025,,10:54:21,10:54:22,0,0,0,6272,6265
253967108,9,2635971,,10:55:58,10:56:16,0,0,0,7187,7180
253967108,10,2635837,,10:57:00,10:57:01,0,0,0,7549,7542
253967108,11,2635834,,10:57:47,10:57:48,0,0,0,7929,7922
253967108,12,2635873,,10:58:14,10:58:15,0,0,0,8145,8138
253967108,13,2635850,,10:58:59,10:59:00,0,0,0,8505,8498
253967108,14,2635852,,11:00:07,11:00:25,0,0,0,9044,9038
253967108,15,2841711,,11:01:02,11:01:20,0,0,0,9389,9382
253967108,16,2635986,,11:03:42,11:03:42,1,0,0,10399,10392
253967109,1,2635986,,10:44:00,10:44:00,0,1,1,0,0
253967109,2,2635889,,10:47:34,10:47:52,0,0,0,1338,1338
253967109,3,2635853,,10:48:24,10:48:42,0,0,0,1630,1630
253967109,4,2635851,,10:49:42,10:50:00,0,0,0,2115,2116
253967109,5,2635872,,10:50:32,10:50:50,0,0,0,2566,2567
253967109,6,2635874,,10:51:17,10:51:18,0,0,0,2817,2818
253967109,7,2635838,,10:51:49,10:51:50,0,0,0,3110,3111
253967109,8,2635972,,10:52:33,10:52:34,0,0,0,3508,3509
253967109,9,2636026,,10:53:46,10:54:04,0,0,0,4313,4314
253967109,10,2636004,,10:54:43,10:54:44,0,0,0,4669,4669
253967109,11,2635800,,10:57:42,10:58:00,0,0,0,6427,6427
253967109,12,2636882,,11:03:02,11:03:20,0,0,0,8494,8507
253967109,13,2636931,,11:04:53,11:05:11,0,0,0,9216,9229
253967109,14,2636924,,11:06:34,11:06:52,0,0,0,9905,9885
253967109,15,2636917,,11:07:37,11:07:55,0,0,0,10304,10284
253967109,16,2636921,,11:08:42,11:08:42,1,0,0,10720,10709
253967110,1,2636921,,10:56:00,10:56:00,0,1,1,0,0
253967110,2,2636918,,10:56:34,10:56:52,0,0,0,394,394
253967110,3,2636923,,10:57:26,10:57:44,0,0,0,797,797
253967110,4,2636930,,10:58:45,10:59:03,0,0,0,1400,1412
253967110,5,2636883,,11:00:22,11:00:40,0,0,0,2147,2159
253967110,6,2635801,,11:04:42,11:05:00,0,0,0,4165,4158
253967110,7,2636003,,11:08:28,11:08:46,0,0,0,5984,5977
253967110,8,2636025,,11:09:21,11:09:22,0,0,0,6272,6265
253967110,9,2635971,,11:10:58,11:11:16,0,0,0,7187,7180
253967110,10,2635837,,11:12:00,11:12:01,0,0,0,7549,7542
253967110,11,2635834,,11:12:47,11:12:48,0,0,0,7929,7922
253967110,12,2635873,,11:13:14,11:13:15,0,0,0,8145,8138
253967110,13,2635850,,11:13:59,11:14:00,0,0,0,8505,8498
253967110,14,2635852,,11:15:07,11:15:25,0,0,0,9044,9038
253967110,15,2841711,,11:16:02,11:16:20,0,0,0,9389,9382
253967110,16,2635986,,11:18:42,11:18:42,1,0,0,10399,10392